lastPosition:
  world: world
  x: -1492.9416996937207
  y: 49.047540890018006
  z: 795.3893635626829
  yaw: 271.82617
  pitch: 28.048523
newPosition: {}
UUID: 4d006d1d-fcf6-47c2-b4d5-2d0ccc90e6bf
